1.3525356771424413e-03	-1058.000	0
6.2470600823871791e-05	0.000	0
4.0921240724856034e-05	-1058.000	0
2.5370500225108117e-05	0.000	2
1.8865206220652908e-04	-1058.000	0
4.8983220040099695e-05	-435.000	0
1.9317699479870498e-04	-992.000	0
2.3375765522359870e-05	0.000	2
1.4516653027385473e-04	-824.000	0
1.2513779802247882e-04	-881.000	0
1.9505587260937318e-05	0.000	2
1.9124773098155856e-04	-833.000	0
2.2378614812623709e-04	-938.000	0
3.8828267861390486e-05	0.000	2
4.7414429718628526e-04	-947.000	0
3.2841868232935667e-04	0.000	0
3.9591803215444088e-04	-1086.000	0
8.3314516814425588e-05	-804.000	0
7.0577184669673443e-04	-960.000	0
1.3146592436896753e-06	-933.000	0
5.5036623962223530e-04	0.000	0
1.6820960445329547e-04	-978.000	0
3.1111604766920209e-04	0.000	0
2.4799979291856289e-04	-952.000	0
2.9154264484532177e-04	0.000	0
3.2337883021682501e-04	-1016.000	0
2.5604098482290283e-05	0.000	2
3.6926780012436211e-04	-1064.000	0
4.0483235352439806e-05	0.000	2
1.3651604240294546e-04	-956.000	0
3.1523901270702481e-05	0.000	2
5.9661554405465722e-04	-1033.000	0
2.0134374790359288e-04	0.000	0
1.2885795149486512e-04	-892.000	0
3.9140337321441621e-05	-1088.000	0
1.5257182531058788e-03	-995.000	0
2.0694200429716147e-05	0.000	2
6.6420063376426697e-05	-996.000	4
2.7949923605774529e-05	0.000	2
1.1898343655047938e-04	-1008.000	0
1.0862799827009439e-03	-971.000	0
8.8217238953802735e-05	-971.000	0
2.2268794054980390e-05	0.000	2
1.3028457760810852e-03	-986.000	0
2.0551134366542101e-03	0.000	0
1.0068945266539231e-04	-1041.000	0
1.9615476485341787e-03	0.000	0
6.9733025156892836e-05	-985.000	0
1.7949938410311006e-05	0.000	2
1.9805003830697387e-04	-991.000	0
2.3678818251937628e-03	0.000	0
8.1437814515084028e-04	-958.000	0
3.9495551027357578e-04	-498.000	0
1.8703778914641589e-04	-896.000	0
3.4000590676441789e-04	-955.000	0
2.7628275347524323e-05	0.000	2
3.2119473326019943e-04	-933.000	0
1.5836465172469616e-04	-1069.000	0
7.3090300429612398e-04	0.000	0
1.2076571147190407e-04	-1064.000	0
1.5692073793616146e-04	-873.000	0
1.8070253645419143e-05	0.000	2
1.3279610720928758e-04	-947.000	0
4.5963381126057357e-05	0.000	2
1.1039405217161402e-04	-985.000	0
1.6599762602709234e-04	-1040.000	0
8.6551078129559755e-04	-973.000	0
1.4761667698621750e-03	0.000	0
2.9637859552167356e-04	-969.000	0
5.1617193093989044e-05	0.000	0
1.3026292435824871e-04	-969.000	0
9.4927812460809946e-04	-949.000	0
5.5164238438010216e-04	0.000	0
3.6272587021812797e-04	-977.000	0
3.3795684430515394e-05	0.000	2
1.0752369416877627e-04	-983.000	0
2.8462955015129410e-05	0.000	2
1.3857822341378778e-04	-968.000	0
2.2021577024133876e-05	0.000	2
2.2865387145429850e-03	-952.000	0
7.2395843744743615e-05	-1073.000	0
6.6659442381933331e-05	0.000	0
1.2306883581914008e-04	-1077.000	0
3.2807314710225910e-05	0.000	2
1.2926460476592183e-04	-1014.000	0
8.8492372015025467e-05	-933.000	0
1.5640260244254023e-05	0.000	2
3.3804238773882389e-04	-1040.000	0
3.8266647607088089e-05	0.000	2
8.4102925029583275e-05	-967.000	0
2.4073244276223704e-05	0.000	2
1.2035505642415956e-04	-984.000	0
1.5430268831551075e-05	0.000	2
2.2346343030221760e-04	-1029.000	0
1.7662478057900444e-05	0.000	2
2.7628827956505120e-04	-1041.000	0
2.8791995646315627e-05	-386.000	0
1.6895354492589831e-03	-1012.000	0
1.7772463252185844e-05	0.000	2
2.1999666932970285e-04	-1074.000	0
6.3191819936037064e-04	-925.000	0
4.3918749724980444e-05	0.000	0
3.1368410418508574e-05	-925.000	6
3.9126898627728224e-05	0.000	2
2.9966249712742865e-05	-925.000	4
5.7542638387531042e-05	-1069.000	0
5.8672134764492512e-04	-921.000	0
3.1152776500675827e-05	-842.000	0
1.5714922483311966e-05	0.000	2
1.2691863230429590e-04	-858.000	0
3.7323992728488520e-05	-805.000	0
2.3340211555478163e-05	0.000	2
4.0477528818883002e-04	-890.000	0
6.6440465161576867e-05	-593.000	0
2.6907119899988174e-04	-937.000	0
1.6923750808928162e-04	-1067.000	0
2.1254068997222930e-05	0.000	2
5.6710944045335054e-04	-996.000	0
1.9399843949940987e-05	0.000	2
2.7172206318937242e-04	-983.000	0
3.0210450859158300e-05	0.000	2
6.8331207148730755e-04	-1018.000	0
1.8490045476937667e-05	0.000	2
7.2292692493647337e-04	-1001.000	0
6.1428683693520725e-05	53.000	0
3.2696215203031898e-04	-1010.000	0
5.0768867367878556e-05	43.000	0
2.4199581821449101e-04	-1038.000	0
3.3602620533201844e-05	0.000	2
3.5144216963090003e-04	-1034.000	0
1.0924205707851797e-04	-891.000	0
1.1632599489530548e-04	-907.000	0
2.2309471387416124e-04	-969.000	0
2.1588044546660967e-05	0.000	2
5.3973571630194783e-04	-1016.000	0
1.6251979104708880e-05	0.000	2
3.9493781514465809e-04	-911.000	0
4.0704742423258722e-04	-1016.000	0
1.9429375242907554e-04	-930.000	0
3.2170949270948768e-04	0.000	0
5.4798577912151814e-04	-920.000	0
1.5092347894096747e-05	0.000	2
3.1435868004336953e-04	-967.000	0
2.4523073079762980e-05	0.000	2
1.5336344949901104e-04	-1011.000	0
1.7238697182619944e-05	0.000	2
1.9955943571403623e-04	-1026.000	0
1.9888542592525482e-03	-915.000	0
8.9200439106207341e-05	-860.000	0
1.6091240468085743e-05	0.000	2
6.2182836700230837e-05	-1025.000	0
4.3892840039916337e-05	0.000	2
1.5984650235623121e-04	-899.000	0
8.4272469393908978e-05	-1036.000	0
1.1674810666590929e-03	-799.000	0
2.2972968872636557e-04	-1019.000	0
8.2332873716950417e-04	-939.000	0
4.2393199692014605e-05	-761.000	0
4.4701588922180235e-04	-940.000	0
1.7918458979693241e-05	0.000	0
2.1312806347850710e-04	-913.000	0
2.4857929020072334e-05	0.000	2
2.6714205159805715e-04	-936.000	0
2.0054374181199819e-04	0.000	0
1.4727916277479380e-04	-858.000	0
1.6042160495999269e-05	0.000	2
9.1622705804184079e-04	-906.000	0
2.7977137506240979e-05	0.000	2
4.0907107177190483e-04	-846.000	0
4.0381052531301975e-04	0.000	0
3.0438986141234636e-04	-983.000	0
2.1293706959113479e-04	0.000	0
9.9364097695797682e-04	-1010.000	0
2.4790178940747865e-05	0.000	2
9.5366689492948353e-05	-947.000	0
2.3347749447566457e-05	0.000	2
5.1657465519383550e-04	-968.000	0
5.4816147894598544e-05	-1151.000	0
3.5866036341758445e-05	0.000	2
1.0872056009247899e-04	-985.000	0
1.5310593880712986e-05	0.000	2
2.6149078621529043e-04	-883.000	0
5.9083289670525119e-05	0.000	0
1.1025943967979401e-04	-965.000	0
1.1303911742288619e-04	-1042.000	0
6.8733934313058853e-04	0.000	0
1.2950715608894825e-04	-738.000	0
2.3892115801572800e-02	0.000	0
1.2228852137923241e-03	-1003.000	0
1.8374788851360790e-05	0.000	2
1.2149826943641528e-04	-982.000	0
8.6474705312866718e-05	0.000	0
1.9662175327539444e-04	-986.000	0
7.1212671173270792e-05	-778.000	0
4.7102407552301884e-04	0.000	0
7.0790946483612061e-04	-1007.000	0
5.1373448513913900e-05	0.000	2
3.8716313429176807e-04	-826.000	0
5.6655617663636804e-04	0.000	0
1.0106678819283843e-03	350.000	0
1.0989170550601557e-04	-1001.000	0
7.3495000833645463e-05	0.000	2
6.8730754719581455e-05	-1058.000	0
1.0881157359108329e-03	-940.000	0
3.1379848951473832e-04	-847.000	0
8.3620462100952864e-04	-767.000	0
2.8398656286299229e-04	-981.000	0
1.8202202045358717e-04	-844.000	0
3.7017307477071881e-05	-1114.000	0
6.8297761026769876e-04	0.000	0
3.9950068457983434e-04	-1013.000	0
1.0948491399176419e-04	-889.000	0
1.4941772678866982e-04	-1055.000	0
8.3720200927928090e-04	0.000	0
6.5917454776354134e-05	-1029.000	0
2.2619738956564106e-05	0.000	2
8.3096674643456936e-05	-965.000	0
6.8404834019020200e-04	0.000	0
4.3920858297497034e-04	-944.000	0
1.0041198947874364e-06	-268.000	0
2.9102081316523254e-04	-918.000	0
2.1507448764168657e-05	0.000	2
1.6641395632177591e-04	-931.000	0
3.5055787884630263e-04	-318.000	0
3.0277427867986262e-04	-925.000	0
1.1946101585635915e-04	-967.000	0
2.4250563001260161e-04	0.000	0
6.8338566052261740e-05	-1059.000	0
1.1600746074691415e-04	-868.000	0
5.2590150153264403e-04	-1044.000	0
7.6923010055907071e-05	-683.000	0
1.2651203724090010e-04	-1033.000	0
2.0030276573379524e-05	0.000	2
9.8193145822733641e-04	-987.000	0
1.7233453036169522e-05	0.000	2
2.0383641822263598e-04	-1030.000	0
1.3322161976248026e-04	0.000	0
5.0069368444383144e-04	-1009.000	0
6.7727186251431704e-04	0.000	0
7.6319454819895327e-05	-896.000	0
3.2026658300310373e-04	0.000	0
2.9254166292957962e-05	-825.000	4
2.1312709577614442e-05	0.000	2
7.8550656326115131e-05	-825.000	0
2.4644319637445733e-05	0.000	2
9.4428716693073511e-04	-825.000	0
4.2950434726662934e-04	0.000	0
1.2221559882164001e-04	-824.000	0
5.6030890846159309e-05	0.000	2
1.1322529462631792e-04	-765.000	0
2.2055604858906008e-05	0.000	2
6.0037422372261062e-05	-765.000	6
2.8983584343222901e-05	0.000	2
5.1381316734477878e-04	-792.000	0
2.0803072402486578e-05	0.000	2
2.9387514587142505e-05	-1077.000	0
6.9805668317712843e-05	-950.000	0
1.1193069803994149e-04	0.000	0
7.0582624175585806e-05	-383.000	0
2.3428590793628246e-05	0.000	2
9.2989197582937777e-05	-348.000	0
5.7015200582100078e-05	0.000	2
3.3976262784563005e-05	-355.000	4
1.1264893691986799e-04	0.000	2
1.5692829620093107e-03	-355.000	0
7.2478014044463634e-04	-1023.000	0
1.4622193702962250e-05	0.000	2
1.7579359700903296e-04	-1028.000	0
3.2256135455099866e-05	0.000	2
2.2494723452837206e-05	-1028.000	4
2.4746818235144019e-04	0.000	0
3.6493127117864788e-04	-933.000	0
3.4614622563822195e-05	-1019.000	4
1.4375878890859894e-05	0.000	2
1.9295640231575817e-04	-928.000	0
5.7591954828239977e-05	-588.000	0
7.9011963680386543e-04	-1033.000	0
1.1797257466241717e-03	-906.000	0
3.5462468076730147e-05	-372.000	0
1.7414492322131991e-04	-954.000	0
1.5846707392483950e-03	-766.000	0
2.6553005227469839e-05	0.000	2
1.9968260312452912e-04	-977.000	0
1.8938417269964702e-05	0.000	2
9.9756440613418818e-04	-950.000	0
4.5442036935128272e-05	0.000	2
7.9206292866729200e-05	-984.000	0
7.1560112701263279e-05	-570.000	0
8.7304346379823983e-05	-1017.000	0
4.2551579099381343e-05	0.000	2
9.3663902953267097e-04	-993.000	0
2.5794572138693184e-05	0.000	2
9.6816540462896228e-04	-913.000	0
4.3919360905420035e-05	-599.000	0
2.2399561203201301e-05	0.000	2
1.4343990187626332e-04	-959.000	0
2.8556278266478330e-05	0.000	2
3.0657052411697805e-04	-918.000	0
6.6217784478794783e-05	0.000	2
5.5291526223300025e-05	-1015.000	4
9.9058284831698984e-05	0.000	0
2.0518904784694314e-04	-1015.000	0
1.7656497220741585e-05	0.000	2
1.9419805903453380e-04	-1008.000	0
1.7120179109042510e-05	0.000	2
6.1709206784144044e-04	-1038.000	0
1.6259684343822300e-04	0.000	2
2.3889387957751751e-03	-965.000	0
1.7793185179471038e-05	0.000	2
8.0876157153397799e-04	-998.000	0
4.5554334064945579e-05	-422.000	0
1.6733680968172848e-04	-1015.000	0
2.7324771508574486e-05	0.000	2
1.1835010809591040e-04	-1039.000	0
6.7737681092694402e-05	-794.000	0
3.0046678148210049e-04	-998.000	0
1.3361113087739795e-04	0.000	0
1.0435925651108846e-04	-1031.000	0
2.2106315009295940e-04	-819.000	0
4.8299477202817798e-04	0.000	0
1.0676134843379259e-04	-1005.000	0
1.1202439054613933e-04	-753.000	0
1.4501673285849392e-04	-931.000	0
6.5277173416689038e-04	-995.000	0
3.9628529339097440e-04	0.000	0
1.1542228457983583e-04	-1036.000	0
1.3285767636261880e-04	0.000	2
1.2967818183824420e-03	-908.000	0
3.6599321902031079e-05	-1208.000	0
2.6307502412237227e-04	0.000	2
2.7317446438246407e-05	-514.000	0
1.6608800797257572e-04	-943.000	0
5.1387753046583384e-05	-1106.000	0
1.7828195268521085e-05	0.000	2
4.9505644710734487e-04	-991.000	0
4.7016179451020434e-05	0.000	2
3.9153639227151871e-04	-839.000	0
9.3021913198754191e-04	0.000	0
2.6979829272022471e-05	-555.000	2
3.3356077619828284e-04	-400.000	2
2.4461865541525185e-04	-450.000	0
2.2105683456175029e-05	0.000	2
4.4903025263920426e-04	-1006.000	0
2.7166018844582140e-04	-421.000	0
1.8305692356079817e-03	-930.000	0
8.8643129856791347e-05	0.000	2
3.6112809902988374e-04	-955.000	0
2.2022180201020092e-04	0.000	2
2.2514775628224015e-04	-586.000	0
1.0000001111620804e-06	0.000	2
6.1029026983305812e-04	348.000	0
8.2401646068319678e-05	-922.000	0
1.7918466255650856e-05	0.000	2
5.8867764892056584e-04	-900.000	0
6.1043720052111894e-05	0.000	2
2.2859004093334079e-04	-982.000	0
1.1608564818743616e-04	-848.000	0
1.9576601334847510e-04	-997.000	0
3.4689441235968843e-05	-425.000	0
6.8140267103444785e-05	-744.000	0
3.3309965510852635e-04	-1057.000	0
2.5659852326498367e-05	0.000	2
4.2456839582882822e-04	-1015.000	0
3.1829586077947170e-05	0.000	2
4.1029843850992620e-04	-985.000	0
2.6455818442627788e-04	0.000	2
6.8575941259041429e-04	-907.000	0
1.7790162019082345e-05	0.000	2
1.0277629917254671e-04	-823.000	0
2.7153207338415086e-04	-915.000	0
1.7681661120150238e-04	-721.000	0
1.9687047461047769e-04	-873.000	0
2.5129915229626931e-05	0.000	2
1.1322471546009183e-03	-866.000	0
1.5525180788245052e-04	0.000	2
1.6784488689154387e-03	-956.000	0
1.2038029963150620e-03	-1026.000	0
3.6699268093798310e-05	0.000	2
1.0218212264589965e-04	-1029.000	0
1.5481980881304480e-05	0.000	2
4.3640811782097444e-05	-1029.000	4
2.5022421032190323e-03	0.000	0
4.2998965363949537e-04	-969.000	0
2.9231699954834767e-05	0.000	2
3.4602882806211710e-04	-1030.000	0
1.5649995475541800e-05	0.000	2
6.2539870850741863e-04	-1060.000	0
2.8970842322451063e-05	-779.000	0
1.1761162568291184e-05	0.000	2
1.3000825128983706e-04	-1058.000	0
4.6157154429238290e-05	0.000	2
9.0612139320001006e-04	-1068.000	0
3.0078159397817217e-05	0.000	2
4.2383698746562004e-04	-1044.000	0
3.1334175728261471e-03	-826.000	0
5.6354772823397070e-05	-1045.000	0
3.1471543479710817e-05	0.000	2
5.7321827625855803e-05	-851.000	0
1.0848911479115486e-03	-1052.000	0
1.5266895294189453e+00	0.000	0
3.4919619793072343e-05	-920.000	2
1.3273577392101288e-01	0.000	0
3.8231155485846102e-04	-882.000	0
5.2809907356277108e-04	0.000	0
2.4339827359654009e-04	-969.000	0
2.7635089281830005e-05	0.000	2
3.1375844264402986e-04	-934.000	0
3.5462406231090426e-05	0.000	2
4.0351925417780876e-04	-960.000	0
1.6782236343715340e-05	0.000	2
2.7001381386071444e-04	-990.000	0
1.7858155842986889e-05	0.000	2
2.8711350751109421e-04	-967.000	0
7.7953661093488336e-04	0.000	0
7.6516625995282084e-05	-943.000	0
3.1903688068268821e-05	0.000	2
4.8461628466611728e-05	-945.000	0
4.3547325185500085e-04	0.000	0
7.3611544212326407e-04	-991.000	0
5.4242671467363834e-04	0.000	0
4.8824756959220394e-05	-976.000	6
3.9410344470525160e-05	0.000	2
4.1834573494270444e-04	-976.000	0
3.3308642741758376e-05	0.000	2
5.3465669043362141e-04	-936.000	0
3.2955111237242818e-05	-432.000	0
2.1439218835439533e-04	0.000	0
2.2535127936862409e-04	-904.000	0
3.2025120162870735e-05	0.000	2
4.5894045615568757e-04	-888.000	0
3.2941657991614193e-05	0.000	2
3.2699640723876655e-04	-866.000	0
2.8777937404811382e-04	-954.000	0
5.7819776702672243e-04	0.000	0
9.2150272394064814e-05	-988.000	0
4.5419361413223669e-05	0.000	2
1.2779940152540803e-04	-934.000	0
4.2846379074035212e-05	0.000	2
7.9411933256778866e-05	-903.000	0
1.5745991549920291e-04	0.000	0
8.3488796371966600e-04	-955.000	0
2.0482038962654769e-05	-1312.000	0
1.5790994439157657e-05	0.000	2
1.3161613605916500e-03	-1017.000	0
8.2260645285714418e-05	-911.000	0
3.2226562325377017e-05	0.000	2
5.7044926506932825e-05	-967.000	4
2.0103105271118693e-05	0.000	2
1.1703913332894444e-04	-967.000	0
4.6261662646429613e-05	0.000	2
1.7010593728628010e-04	-974.000	0
1.1034947965526953e-04	-820.000	0
3.8639231934212148e-04	-962.000	0
3.0617007723776624e-05	0.000	2
2.8933203429915011e-04	-967.000	0
2.7863519790116698e-05	0.000	2
9.8019326105713844e-04	-960.000	0
6.9225789047777653e-05	-997.000	0
1.9367524146218784e-05	0.000	2
1.7137182294391096e-04	-987.000	0
2.6236330086248927e-05	0.000	2
2.1007366012781858e-04	-960.000	0
2.6333643472753465e-04	-721.000	0
2.0694809791166335e-05	-811.000	0
4.1045703255804256e-05	0.000	2
9.6339499577879906e-04	-953.000	0
4.9640098586678505e-04	0.000	2
2.7746349223889410e-04	-945.000	0
6.2627754232380539e-05	-1123.000	0
7.9318000643979758e-05	-979.000	0
3.2651551009621471e-05	0.000	2
8.5160997696220875e-04	-978.000	0
2.6233781682094559e-05	0.000	2
9.0016583271790296e-05	-955.000	0
1.7063028280972503e-05	0.000	2
1.2816732050850987e-03	-1031.000	0
7.9735781764611602e-04	0.000	0
1.3243861030787230e-04	-997.000	0
7.8102317638695240e-04	0.000	0
7.6130410889163613e-05	-996.000	0
4.9545549700269476e-05	0.000	2
3.0020950362086296e-04	-987.000	0
8.9835426479112357e-05	-186.000	0
5.2188156405463815e-04	-972.000	0
1.6998865248751827e-05	0.000	2
1.3345549814403057e-04	-861.000	0
9.9678232800215483e-05	0.000	0
3.4446245990693569e-04	-1015.000	0
8.6438623839057982e-05	-1008.000	0
2.6285553758498281e-05	0.000	2
1.6297378169838339e-04	-915.000	0
7.0811685873195529e-05	0.000	0
7.9768011346459389e-05	-908.000	0
3.0080511351116002e-04	-1066.000	0
8.1424904055893421e-04	0.000	0
1.1736879241652787e-04	-930.000	0
6.1890570214018226e-04	0.000	0
2.5794241810217500e-04	-1036.000	0
2.3411157599184662e-04	0.000	2
8.1711733946576715e-04	-742.000	0
1.4200498117133975e-04	-624.000	2
2.1190637198742479e-04	-784.000	0
3.0280214559752494e-05	0.000	2
3.9274102891795337e-04	-809.000	0
3.1511750421486795e-05	0.000	2
1.9741861615329981e-04	-995.000	0
1.0476046736584976e-04	0.000	2
4.6536259469576180e-04	-915.000	0
5.4816005285829306e-04	-984.000	0
4.8360845539718866e-05	-611.000	0
9.7736541647464037e-04	-999.000	0
2.5715005904203281e-05	0.000	2
1.7834192840382457e-04	-1044.000	0
2.0300203686929308e-05	0.000	2
1.3463450886774808e-04	-1109.000	0
5.9598201187327504e-04	-948.000	0
2.1323823602870107e-05	0.000	2
1.2175265001133084e-03	-1016.000	0
2.2502916181110777e-05	0.000	2
2.0054980996064842e-04	-956.000	0
2.1892001313972287e-05	0.000	2
1.3845427893102169e-03	-964.000	0
6.7989298258908093e-05	0.000	2
2.5456240109633654e-05	-964.000	4
1.6902742572710849e-05	0.000	2
1.1953970533795655e-04	-849.000	0
3.8885700632818043e-04	-977.000	0
2.7322219102643430e-04	0.000	0
3.0253885779529810e-04	-1021.000	0
9.7019970417022705e-04	0.000	0
6.9102381530683488e-05	-1107.000	0
3.2222885056398809e-04	-983.000	0
2.2529162379214540e-05	0.000	2
1.1746487143682316e-04	-1005.000	0
2.1379756799433380e-04	-906.000	0
1.9224193238187581e-04	0.000	0
4.8874941421672702e-04	-985.000	0
3.1315088563133031e-05	0.000	2
5.3321316954679787e-05	-970.000	4
3.1667987059336156e-05	0.000	2
5.7616480626165867e-04	-919.000	0
9.1823676484636962e-05	0.000	2
3.1313512590713799e-04	-861.000	0
1.2572257518768311e+00	0.000	0
2.0566130988299847e-03	-957.000	0
2.6085865101777017e-04	0.000	0
1.2764667917508632e-04	-954.000	0
2.3385346139548346e-05	0.000	2
1.7269593081437051e-04	-1059.000	0
2.9653501769644208e-05	0.000	2
3.9483100408688188e-05	-1019.000	4
3.0864673317410052e-04	-1024.000	0
2.1588508388958871e-04	0.000	0
8.5800187662243843e-05	-1042.000	0
1.1107816826552153e-03	-940.000	0
1.6400164167862386e-04	0.000	0
1.8100014131050557e-04	-904.000	0
6.3018378568813205e-05	-1051.000	0
1.1404628457967192e-04	-867.000	0
1.0608402080833912e-03	-993.000	0
2.1493980602826923e-04	0.000	0
1.3303599553182721e-03	-942.000	0
2.0941453840350732e-05	0.000	2
2.3233963293023407e-04	-998.000	0
1.1939197429455817e-04	-929.000	0
5.9988284192513674e-05	-1113.000	0
2.1601746993837878e-05	0.000	2
2.2105334792286158e-03	-1045.000	0
1.1283342028036714e-03	0.000	0
1.0101724910782650e-04	-975.000	0
9.6076884074136615e-04	0.000	0
8.7877170881256461e-04	-964.000	0
2.3140626581152901e-05	0.000	2
8.2791433669626713e-05	-1021.000	0
1.9756564142880961e-05	0.000	2
4.4572970364242792e-04	-960.000	0
3.6576273851096630e-04	0.000	0
1.1083428398706019e-04	-876.000	0
1.6955302271526307e-04	-960.000	0
1.7650070367380977e-03	0.000	0
2.6358885224908590e-04	-1024.000	0
1.6538957424927503e-05	0.000	2
5.3455998568097129e-05	-964.000	0
2.5899661704897881e-04	-1090.000	0
9.5459190197288990e-04	-990.000	0
5.2388371841516346e-05	0.000	2
1.1126033496111631e-04	-994.000	0
6.7963752371724695e-05	-431.000	0
6.2814773991703987e-04	-1059.000	0
5.1735449233092368e-05	0.000	2
8.3621896919794381e-05	-1109.000	0
1.1071079643443227e-04	-878.000	0
2.2802520106779411e-05	0.000	2
5.2243116078898311e-04	-1035.000	0
1.7237665597349405e-03	0.000	2
7.2418263880535960e-04	-965.000	0
1.6475090887979604e-05	-1153.000	0
2.0750261683133431e-05	0.000	2
9.7508553881198168e-04	-998.000	0
2.6456171326572075e-05	0.000	2
1.7651395173743367e-03	-1019.000	0
3.4947082895087078e-05	-728.000	0
1.1568735499167815e-04	0.000	0
2.6154221268370748e-04	-958.000	0
1.5837227692827582e-03	0.000	0
2.3061968386173248e-04	-1008.000	0
1.7246021889150143e-04	-835.000	0
7.3125884227920324e-05	-686.000	0
1.4158715202938765e-04	-1032.000	0
1.1280024773441255e-04	-826.000	0
1.4086188457440585e-04	-984.000	0
1.9041017367271706e-05	0.000	2
6.3681654864922166e-04	-998.000	0
2.0027979189762846e-05	0.000	2
1.0591575410217047e-03	-987.000	0
2.0463479813770391e-05	0.000	2
3.0789870652370155e-04	-1016.000	0
1.8357057342655025e-05	0.000	2
1.2451926013454795e-03	-1009.000	0
6.2806427013128996e-04	0.000	0
3.8608707836829126e-04	-979.000	0
